#note_time|1.55
#song_time|1.00
#song_bpms|0130
1000|006
0200|016
0030|016
0000|002|dummy
0000|004|dummy
0200|006
0030|016
0004|004
0004|006
0004|004
0030|008
0200|008
1000|008
0000|002|dummy
0000|004|dummy
0030|004
0200|016
0030|004
0200|006
0004|004
1000|004
0200|008
1000|008
0200|016
0000|004|dummy
0000|006|dummy
0030|008
0004|008
0004|008
0030|004
0200|008
1000|016
0000|004|dummy
0000|004|dummy
1000|016
0200|003
0000|016|dummy
0030|016
0004|006
0000|016|dummy
0030|012
0200|008
0030|004
0000|016|dummy
0004|012
0030|006
0200|012
1000|004
1000|006
0200|016
0030|016
0000|002|dummy
0000|004|dummy
0200|006
0030|016
0004|004
0004|006
0004|004
0030|008
0200|008
1000|008
0000|002|dummy
0000|004|dummy
0030|004
0200|016
0030|004
0200|006
0004|004
1000|008
0200|008
1000|004
0000|004|dummy
0000|004|dummy
0030|008
0004|008
0004|008
0030|004
0200|008
1000|004
0000|004|dummy
0000|008|dummy
0200|002
0200|004
0030|004
0004|004
0030|004
0200|004
1000|005
0200|999
end