#note_time|2.76
#song_time|0
#song_bpms|083
0000|001|dummy
0000|001|dummy
0000|008|dummy
1000|008
0004|016
0030|006
0004|008
0004|008
1000|016
0200|005
0030|008
1000|008
0004|008
0200|008
0030|008
1000|008
0004|004
0200|004
0000|016|dummy
1000|016
0200|016
0030|004
0004|008
0030|008
0200|008
1000|002
0000|002|dummy
0000|005|dummy
1000|008
0004|016
0030|006
0004|008
0004|008
1000|016
0200|005
0030|008
1000|008
0004|008
0200|008
0030|008
1000|008
0004|004
0200|004
0000|016|dummy
1000|016
0200|016
0030|004
0004|008
0030|008
0200|008
1000|002
0000|005|dummy
0000|016|dummy
1000|016
0200|016
0004|016
0030|016
1000|016
0030|016
1000|016
0200|016
0030|016
0004|016
0004|008
1000|016
1000|006
0200|016
0030|016
0004|016
0004|005
0000|008|dummy
1000|016
0200|016
0030|016
0004|008
0000|016|dummy
1000|010
1000|016
0200|016
0030|016
0004|016
0000|001|dummy
0000|001|dummy
0000|016|dummy
0200|016
0004|016
1000|016
0030|016
0200|008
1000|008
0200|016
0030|008
0004|016
0030|004
0000|032|dummy
0200|016
0004|016
1000|016
0030|016
0200|008
1000|008
0200|016
0030|008
0004|016
0030|004
1000|008
0200|008
0030|008
1000|010
0030|010
0200|010
0004|010
1000|006
0030|006
0000|016|dummy
0030|008
0030|008
0004|010
1000|016
0200|010
0030|016
0004|006
1000|008
0200|016
0004|016
1000|016
0030|016
0200|008
1000|008
0200|016
0030|008
0004|016
0030|004|||||||||||
0200|016
0004|016
1000|016
0030|016
0200|008
1000|008
0200|016
0030|008
0004|016
0030|008
0030|006|||||
1000|008
0200|008
0030|008
1000|010
0030|012
0200|010
0004|012
0200|008
0004|006|||
1000|008
0200|008
0030|008
1000|010
0030|012
0200|010
0004|012
0200|008
0004|004
0000|012|dummy
1000|010
0200|010
0030|010
end
